"id","time","accX","accY","accZ","gyroX","gyroY","gyroZ","rot1","rot2","rot3","rot4","rot5","rot6","rot7","rot8","rot9"
"6","1958228689588","9.8158","1.09099","-2.30858","0","0","0","0","0","0","0","0","0","0","0","0"
"6","1958245565809","9.8158","1.09099","-2.30858","0","0","0","0","0","0","0","0","0","0","0","0"
"6","1958262289442","9.8158","1.09099","-2.30858","0","0","0","0","0","0","0","0","0","0","0","0"
"6","1958279104627","9.8158","1.09099","-2.30858","0","0","0","0","0","0","0","0","0","0","0","0"
"6","1958295889295","9.8158","1.09099","-2.30858","0","0","0","0","0","0","0","0","0","0","0","0"
"6","1958312643446","9.8158","1.09099","-2.30858","0","0","0","0","0","0","0","0","0","0","0","0"
"6","1958329458631","9.8158","1.09099","-2.30858","0","0","0","0","0","0","0","0","0","0","0","0"
"6","1958347830213","9.8158","1.09099","-2.30858","0","0","0","0","0","0","0","0","0","0","0","0"
"6","1958357809461","9.8158","1.09099","-2.30858","0","0","0","0","0","0","0","0","0","0","0","0"
"6","1958371450819","9.8158","1.07182","-2.17447","0","0","0","0","0","0","0","0","0","0","0","0"
"6","1958388266004","9.83495","1.05267","-2.30858","0","0","0","0","0","0","0","0","0","0","0","0"
"6","1958397818006","9.85411","1.03351","-2.32774","0","0","0","0","0","0","0","0","0","0","0","0"
"6","1958413381971","9.87326","1.05267","-2.34689","0","0","0","0","0","0","0","0","0","0","0","0"
"6","1958430227674","9.83495","1.07182","-2.28943","0","0","0","0","0","0","0","0","0","0","0","0"
"6","1958446951307","9.79663","1.05267","-2.2511","0","0","0","0","0","0","0","0","0","0","0","0"
"6","1958463674940","9.8158","1.03351","-2.28943","0","0","0","0","0","0","0","0","0","0","0","0"
"6","1958480520643","9.85411","1.05267","-2.36606","0","0","0","0","0","0","0","0","0","0","0","0"
"6","1958497274793","9.8158","1.05267","-2.40437","0","0","0","0","0","0","0","0","0","0","0","0"
"6","1958514089979","9.85411","1.11014","-2.30858","0","0","0","0","0","0","0","0","0","0","0","0"
"6","1958530874647","9.85411","1.11014","-2.28943","0","0","0","0","0","0","0","0","0","0","0","0"
"6","1958547598280","9.8158","1.07182","-2.27026","0","0","0","0","0","0","0","0","0","0","0","0"
"6","1958564413465","9.83495","1.05267","-2.30858","0","0","0","0","0","0","0","0","0","0","0","0"
"6","1958581259168","9.83495","1.05267","-2.36606","0","0","0","0","0","0","0","0","0","0","0","0"
"6","1958598043836","9.85411","1.09099","-2.36606","0","0","0","0","0","0","0","0","0","0","0","0"
"6","1958614828504","9.83495","1.07182","-2.30858","0","0","0","0.142062","-0.97793","0.153202","-0.206204","-0.180614","-0.961696","0.968142","0.105029","-0.227311"
"6","1958631582655","9.77748","1.07182","-2.11699","0","0","0","0.151624","-0.968329","0.198368","-0.199277","-0.226514","-0.953404","0.968142","0.105029","-0.227311"
"6","1958648397840","9.8158","1.05267","-2.11699","0","0","0","0.153292","-0.965983","0.208277","-0.195968","-0.236299","-0.951714","0.968555","0.105075","-0.225524"
"6","1958665274061","9.8158","1.05267","-2.11699","0","0","0","0.154203","-0.964678","0.213583","-0.194415","-0.241567","-0.950709","0.968723","0.105079","-0.224798"
"6","1958681967176","9.83495","1.05267","-2.09784","0","0","0","0.146833","-0.973029","0.177918","-0.20004","-0.205361","-0.958025","0.968723","0.105079","-0.224798"
"6","1958698660291","9.85411","1.09099","-2.09784","0","0","0","0.146742","-0.972983","0.178241","-0.199313","-0.20558","-0.958129","0.968886","0.105072","-0.224096"
"6","1958715536512","9.85411","1.07182","-2.09784","0","0","0","0.145441","-0.974078","0.173258","-0.198525","-0.200291","-0.959412","0.969245","0.105141","-0.222509"
"6","1958732290663","9.85411","1.05267","-2.15532","0","0","0","0.150362","-0.968619","0.197909","-0.194172","-0.22522","-0.954763","0.969375","0.105131","-0.221944"
"6","1958749105848","9.83495","1.03351","-2.17447","0","0","0","0.132858","-0.984467","0.114778","-0.205981","-0.140701","-0.968388","0.969495","0.105016","-0.221475"
"6","1958765859998","9.85411","1.05267","-2.19363","0","0","0","0.143947","-0.975099","0.168703","-0.197836","-0.195393","-0.960564","0.969608","0.104895","-0.221036"
"6","1958782644666","9.85411","1.03351","-2.21278","0","0","0","0.144871","-0.974175","0.173194","-0.19716","-0.199951","-0.959764","0.969608","0.104895","-0.221036"
"6","1958799429334","9.8158","1.03351","-2.11699","0","0","0","0.132148","-0.984654","0.113987","-0.20502","-0.13966","-0.968742","0.969796","0.104648","-0.220329"
"6","1958816244520","9.8158","1.07182","-2.09784","0","0","0","0.145576","-0.973056","0.178802","-0.195188","-0.205423","-0.959011","0.969902","0.104709","-0.219834"
"6","1958833029188","9.83495","1.05267","-2.13615","0","0","0","0.151264","-0.966509","0.207317","-0.190425","-0.234293","-0.953334","0.969978","0.104727","-0.219487"
"6","1958849783338","9.8158","1.07182","-2.11699","0","0","0","0.150127","-0.967887","0.201633","-0.191322","-0.228531","-0.954552","0.969978","0.104727","-0.219487"
"6","1958866568006","9.83495","1.07182","-2.17447","0","0","0","0.158293","-0.95689","0.243528","-0.184079","-0.270912","-0.94484","0.970082","0.104733","-0.219026"
"6","1958883352674","9.79663","1.07182","-2.15532","0","0","0","0.147535","-0.970755","0.18939","-0.192591","-0.216017","-0.957207","0.970125","0.104746","-0.218829"
"6","1958900167860","9.8158","1.03351","-2.17447","0","0","0","0.157929","-0.957386","0.241807","-0.183933","-0.269116","-0.945381","0.970169","0.104826","-0.218596"
"6","1958916952528","9.83495","1.05267","-2.19363","0","0","0","0.157873","-0.957348","0.241992","-0.183673","-0.269258","-0.945391","0.970227","0.104804","-0.218347"
"6","1958933706678","9.8158","1.07182","-2.13615","0","0","0","0.156779","-0.958822","0.236811","-0.184448","-0.263984","-0.946727","0.970257","0.104748","-0.218241"
"6","1958950521864","9.85411","1.05267","-2.17447","0","0","0","0.159772","-0.954144","0.253143","-0.181314","-0.280439","-0.942592","0.97036","0.104702","-0.217806"
"6","1958967306532","9.83495","1.05267","-2.19363","0","0","0","0.151436","-0.965817","0.210391","-0.188332","-0.237139","-0.953046","0.97036","0.104702","-0.217806"
"6","1958984121717","9.83495","1.07182","-2.21278","0","0","0","0.15148","-0.965844","0.210237","-0.188447","-0.237008","-0.953055","0.970331","0.10475","-0.217913"
"6","1959000936903","9.83495","1.07182","-2.17447","0","0","0","0.146546","-0.971662","0.185466","-0.192364","-0.211904","-0.958172","0.97032","0.104739","-0.217967"
"6","1959017630018","9.83495","1.07182","-2.19363","0","0","0","0.146546","-0.971662","0.185466","-0.192347","-0.211902","-0.958175","0.970323","0.104743","-0.217949"
"6","1959034506239","9.8158","1.03351","-2.21278","0","0","0","0.159677","-0.954477","0.251948","-0.181595","-0.279268","-0.942885","0.970323","0.104804","-0.217921"
"6","1959051290907","9.8158","1.05267","-2.21278","0","0","0","0.149809","-0.967885","0.201882","-0.189816","-0.228543","-0.95485","0.970323","0.104724","-0.217958"
"6","1959068045057","9.8158","1.03351","-2.23195","0","0","0","0.148083","-0.96987","0.193453","-0.191132","-0.219988","-0.956595","0.97033","0.104681","-0.21795"
"6","1959084799207","9.8158","1.05267","-2.17447","0","0","0","0.141878","-0.976351","0.163123","-0.195671","-0.1892","-0.95335","0.970352","0.104603","-0.217887"
"6","1959101553358","9.83495","1.05267","-2.15532","0","0","0","0.158274","-0.956298","0.245854","-0.18272","-0.273059","-0.944485","0.970342","0.104565","-0.217953"
"6","1959118338026","9.83495","1.01434","-2.15532","0","0","0","0.158258","-0.956286","0.245911","-0.182718","-0.273111","-0.944471","0.970345","0.104538","-0.217952"
"6","1959135183729","9.87326","1.03351","-2.21278","0","0","0","0.144665","-0.973377","0.177791","-0.193596","-0.204052","-0.959627","0.970357","0.104405","-0.217961"
"6","1959151937879","9.83495","1.03351","-2.23195","0","0","0","0.165033","-0.944867","0.282825","-0.176472","-0.310418","-0.934076","0.970372","0.104243","-0.217972"
"6","1959168661512","9.79663","1.07182","-2.23195","0","0","0","0.161834","-0.950095","0.266702","-0.179486","-0.294096","-0.938772","0.970358","0.104055","-0.218123"
"6","1959185537733","9.83495","1.03351","-2.27026","0","0","0","0.155852","-0.959429","0.234958","-0.185032","-0.262011","-0.947161","0.970295","0.104142","-0.21836"
"6","1959202291883","9.87326","1.01434","-2.32774","0","0","0","0.15766","-0.956817","0.244224","-0.183867","-0.271436","-0.94473","0.970225","0.104041","-0.218722"
"6","1959219046034","9.89243","1.05267","-2.21278","0","0","0","0.157619","-0.956786","0.244369","-0.184293","-0.271616","-0.944596","0.970151","0.103851","-0.219141"
"6","1959235861219","9.83495","1.05267","-2.21278","0","0","0","0.164848","-0.945071","0.282253","-0.177896","-0.309964","-0.933957","0.970143","0.10375","-0.219221"
"6","1959252615370","9.8158","1.07182","-2.15532","0","0","0","0.139274","-0.978384","0.152865","-0.198627","-0.178834","-0.963621","0.970129","0.103844","-0.219241"
"6","1959269430555","9.77748","1.05267","-2.15532","0","0","0","0.158035","-0.956306","0.245977","-0.184022","-0.273267","-0.944172","0.970135","0.103947","-0.219166"
"6","1959286245741","9.79663","1.07182","-2.17447","0","0","0","0.156795","-0.95815","0.239508","-0.185057","-0.266715","-0.945842","0.970139","0.103981","-0.219132"
"6","1959303030409","9.79663","1.07182","-2.21278","0","0","0","0.147873","-0.969785","0.194037","-0.192256","-0.220638","-0.95622","0.97014","0.104094","-0.219074"
"6","1959319784559","9.8158","1.05267","-2.23195","0","0","0","0.15417","-0.962088","0.224987","-0.187408","-0.252049","-0.949394","0.970108","0.104204","-0.219161"
"6","1959336569227","9.85411","1.07182","-2.28943","0","0","0","0.153734","-0.962775","0.222326","-0.187987","-0.24939","-0.949982","0.970065","0.10425","-0.219329"
"6","1959353292860","9.83495","1.05267","-2.27026","0","0","0","0.154455","-0.961907","0.225564","-0.18771","-0.252716","-0.949157","0.970004","0.104262","-0.219593"
"6","1959370169081","9.79663","1.05267","-2.23195","0","0","0","0.159602","-0.954628","0.251421","-0.183575","-0.278943","-0.942598","0.969963","0.104286","-0.219765"
"6","1959386892713","9.79663","1.07182","-2.27026","0","0","0","0.154191","-0.96246","0.223374","-0.188427","-0.250573","-0.949583","0.969907","0.104327","-0.219989"
"6","1959403646864","9.83495","1.07182","-2.27026","0","0","0","0.162072","-0.951202","0.262578","-0.182205","-0.290367","-0.939408","0.969811","0.104409","-0.220374"
"6","1959420919813","9.85411","1.05267","-2.27026","0","0","0","0.162171","-0.951277","0.262245","-0.182557","-0.290099","-0.939423","0.969729","0.104473","-0.220708"
"6","1959437796034","9.8158","1.07182","-2.28943","0","0","0","0.156533","-0.959767","0.233121","-0.18771","-0.260638","-0.947013","0.969671","0.10448","-0.220956"
"6","1959454061903","9.73917","1.05267","-2.32774","0","0","0","0.156651","-0.959846","0.232713","-0.188049","-0.260299","-0.947039","0.969587","0.104593","-0.221274"
"6","1959470846571","9.70084","1.09099","-2.30858","0","0","0","0.155517","-0.961645","0.225948","-0.18953","-0.253529","-0.948579","0.969481","0.104696","-0.221689"
"6","1959487600721","9.79663","1.07182","-2.27026","0","0","0","0.152278","-0.966093","0.208509","-0.192754","-0.235948","-0.952457","0.969359","0.104847","-0.222148"
"6","1959504415907","9.91159","0.976028","-2.2511","0","0","0","0.160523","-0.955112","0.248985","-0.186273","-0.277038","-0.942631","0.969296","0.104935","-0.222382"
"6","1959521231092","9.87326","0.976028","-2.34689","0","0","0","0.152327","-0.965814","0.209763","-0.19264","-0.237184","-0.952173","0.969374","0.104633","-0.222183"
"6","1959537985243","9.77748","0.937714","-2.38521","0","0","0","0.154261","-0.963018","0.220907","-0.191442","-0.248479","-0.94953","0.969306","0.104185","-0.222693"
"6","1959554739393","9.72","0.918564","-2.38521","0","0","0","0.157486","-0.958372","0.238163","-0.189567","-0.266026","-0.945143","0.969155","0.103699","-0.223571"
"6","1959571554579","9.79663","0.995193","-2.36606","0","0","0","0.156065","-0.95981","0.233254","-0.191375","-0.261055","-0.946164","0.96903","0.103024","-0.224425"
"6","1959588308729","9.85411","1.05267","-2.481","0","0","0","0.155946","-0.959729","0.233671","-0.192028","-0.261508","-0.945906","0.96892","0.102639","-0.225076"
"6","1959605184950","9.64337","1.05267","-2.50017","0","0","0","0.140229","-0.977546","0.157287","-0.204788","-0.184057","-0.961345","0.968709","0.102598","-0.226"
"6","1959621908582","9.54758","0.956879","-2.38521","0","0","0","0.142368","-0.975882","0.165485","-0.204721","-0.192605","-0.959684","0.968412","0.102749","-0.227204"
"6","1959638662733","9.68169","0.822769","-2.27026","0","0","0","0.14592","-0.97243","0.181897","-0.203229","-0.209409","-0.956476","0.968197","0.102602","-0.228183"
"6","1959655538954","10.1032","0.63118","-2.481","0","0","0","0.149156","-0.968243","0.200646","-0.200631","-0.22833","-0.952687","0.968246","0.101843","-0.228316"
"6","1959672293104","10.199","0.63118","-2.59595","0","0","0","0.148002","-0.967522","0.204931","-0.200777","-0.232292","-0.951698","0.968392","0.0997082","-0.228636"
"6","1959689047254","10.0265","0.726974","-2.65343","0","0","0","0.153027","-0.95893","0.238822","-0.197066","-0.266426","-0.943495","0.968374","0.097316","-0.229743"
"6","1959705862440","9.87326","0.726974","-2.5768","0","0","0","0.157513","-0.950897","0.266429","-0.194426","-0.294377","-0.935703","0.968188","0.0955849","-0.231247"
"6","1959722586073","9.70084","0.726974","-2.38521","0","0","0","0.157871","-0.949214","0.272156","-0.195349","-0.300188","-0.933663","0.967944","0.0942331","-0.232819"
"6","1959739401258","9.45178","0.784454","-2.21278","0","0","0","0.134032","-0.976889","0.166504","-0.212572","-0.192451","-0.958006","0.96791","0.0930095","-0.233453"
"6","1959756246961","9.35599","0.822769","-2.09784","0","0","0","0.133564","-0.976636","0.168355","-0.21235","-0.194134","-0.957716","0.968023","0.0921667","-0.233318"
"6","1959772970594","9.37515","0.74614","-2.05952","0","0","0","0.135078","-0.974097","0.181355","-0.209126","-0.206937","-0.955742","0.968515","0.0911736","-0.231661"
"6","1959789724745","9.47095","0.516235","-2.09784","0","0","0","0.139117","-0.968077","0.208502","-0.204578","-0.234103","-0.950444","0.968914","0.089568","-0.230615"
"6","1959806509413","9.77748","0.228867","-2.23195","0","0","0","0.137366","-0.966576","0.216473","-0.203716","-0.241442","-0.948792","0.969345","0.0862326","-0.230073"
"6","1959823263563","9.94991","0.228867","-2.34689","0","0","0","0.137366","-0.966576","0.216473","-0.203716","-0.241442","-0.948792","0.969345","0.0862326","-0.230073"
"6","1959840109266","10.0648","0.113907","-2.481","0","0","0","0.145208","-0.951941","0.269673","-0.19677","-0.294903","-0.935048","0.969637","0.0827131","-0.230136"
"6","1959856863416","10.0265","-0.0585175","-2.42352","0","0","0","0.145096","-0.947206","0.285915","-0.196019","-0.310765","-0.930055","0.969806","0.0789021","-0.230761"
"6","1959873617567","9.87326","-0.192627","-2.42352","0","0","0","0.131201","-0.961518","0.241391","-0.204382","-0.2645","-0.942479","0.970059","0.0743186","-0.23122"
"6","1959890493788","9.68169","-0.154312","-2.59595","0","0","0","0.143913","-0.935438","0.322871","-0.194372","-0.346631","-0.917642","0.970314","0.0693033","-0.231708"
"6","1959907217420","9.70084","0.0564423","-2.61511","0","0","0","0.135104","-0.943904","0.301316","-0.200347","-0.323847","-0.924653","0.970365","0.0645569","-0.232861"
"6","1959924002088","9.8158","0.267181","-2.63428","0","0","0","0.133459","-0.942012","0.3079","-0.202184","-0.330025","-0.922066","0.970211","0.0608051","-0.234505"
"6","1959940817274","10.1223","0.267181","-2.69174","0","0","0","0.134309","-0.938138","0.319151","-0.202491","-0.341256","-0.917901","0.97003","0.0586568","-0.235798"
"6","1959957571424","10.1032","0.152222","-2.9408","0","0","0","0.133379","-0.937577","0.321184","-0.203668","-0.343093","-0.916955","0.969912","0.056888","-0.236716"
"6","1959974356092","10.1032","0.0947571","-3.11322","0","0","0","0.132615","-0.936678","0.32411","-0.20611","-0.345911","-0.915349","0.969501","0.0545864","-0.238932"
"6","1959991171278","10.0457","0.133072","-3.03659","0","0","0","0.144377","-0.912986","0.381591","-0.201161","-0.404659","-0.892068","0.96886","0.0520326","-0.242081"
"6","1960007955946","9.91159","0.190536","-2.97913","0","0","0","0.134956","-0.928833","0.345046","-0.210475","-0.367158","-0.906033","0.968239","0.0496515","-0.245046"
"6","1960024771131","9.85411","0.190536","-2.9408","0","0","0","0.132999","-0.930955","0.340051","-0.214246","-0.361991","-0.907227","0.967683","0.0478056","-0.247598"
"6","1960041525282","9.77748","0.343811","-2.95996","0","0","0","0.142638","-0.912367","0.383721","-0.210302","-0.406769","-0.888995","0.967175","0.0461074","-0.249893"
"6","1960058279432","9.62421","0.49707","-3.11322","0","0","0","0.142609","-0.912327","0.383825","-0.212584","-0.406972","-0.888359","0.96668","0.0450929","-0.251984"
"6","1960075155653","9.64337","0.765289","-3.24733","0","0","0","0.143692","-0.91241","0.383223","-0.215214","-0.406784","-0.887812","0.965938","0.0450964","-0.254815"
"6","1960091879286","9.77748","0.880249","-3.26649","0","0","0","0.147152","-0.910133","0.387304","-0.216986","-0.411732","-0.885095","0.96502","0.0462045","-0.258074"
"6","1960108602918","9.8158","1.01434","-3.55386","0","0","0","0.147294","-0.915679","0.373947","-0.221416","-0.399002","-0.889816","0.963991","0.0482662","-0.261517"
"6","1960125479139","10.0074","1.34004","-3.32397","0","0","0","0.161941","-0.903997","0.395682","-0.222672","-0.424109","-0.877809","0.961349","0.0540459","-0.269976"
"6","1960142233289","10.1032","1.51247","-3.15155","0","0","0","0.145834","-0.93856","0.31279","-0.237096","-0.340114","-0.910005","0.960478","0.0585483","-0.272128"
"6","1960159017957","10.0457","1.91479","-3.26649","0","0","0","0.156111","-0.932298","0.326266","-0.234254","-0.355837","-0.904713","0.959559","0.0648069","-0.273945"
"6","1960175833143","9.58589","2.27879","-3.20901","0","0","0","0.152633","-0.947957","0.27943","-0.241482","-0.309946","-0.919576","0.958326","0.07288","-0.276223"
"6","1960192587293","9.20273","2.66196","-2.51932","0","0","0","0.166095","-0.928834","0.331181","-0.232428","-0.363258","-0.902231","0.958326","0.07288","-0.276223"
"6","1960209371961","9.1261","2.81523","-1.61888","0","0","0","0.1708","-0.934029","0.313715","-0.232171","-0.34758","-0.908452","0.957561","0.082328","-0.276221"
"6","1960226187147","9.29852","2.01057","-0.220322","0","0","0","0.179384","-0.933577","0.310251","-0.225387","-0.345979","-0.910769","0.957613","0.0934511","-0.272479"
"6","1960242910780","9.75832","1.09099","0.0287323","0","0","0","0.180072","-0.934607","0.306731","-0.199956","-0.340097","-0.918886","0.963116","0.104133","-0.248122"
"6","1960259756483","10.6204","0.516235","-0.737595","0","0","0","0.180072","-0.934607","0.306731","-0.199956","-0.340097","-0.918886","0.963116","0.104133","-0.248122"
"6","1960276510633","11.2335","1.01434","-1.73383","0","0","0","0.167994","-0.939782","0.297638","-0.187167","-0.326844","-0.926359","0.967857","0.0999151","-0.230804"
"6","1960293234266","11.0994","1.819","-2.19363","0","0","0","0.175874","-0.924885","0.337129","-0.179783","-0.366885","-0.912729","0.967857","0.0999151","-0.230804"
"6","1960310079969","9.96906","2.83438","-2.09784","0","0","0","0.176383","-0.925529","0.33509","-0.176599","-0.364658","-0.914241","0.96835","0.10208","-0.227768"
"6","1960326834120","8.89619","3.52408","-1.94456","0","0","0","0.180314","-0.930282","0.319471","-0.175266","-0.349984","-0.920213","0.967868","0.109935","-0.226154"
"6","1960343588270","8.28313","3.50493","-1.5614","0","0","0","0.194588","-0.921696","0.335576","-0.16651","-0.368189","-0.914719","0.966649","0.122117","-0.225116"
"6","1960360495008","8.39807","2.83438","-1.23572","0","0","0","0.20209","-0.92919","0.309461","-0.165543","-0.343843","-0.92432","0.965275","0.135567","-0.223308"
"6","1960377249159","8.8004","2.20216","-1.38898","0","0","0","0.197764","-0.950954","0.237857","-0.174305","-0.272897","-0.946121","0.964628","0.145649","-0.219726"
"6","1960393972791","8.89619","2.14468","-1.92542","0","0","0","0.200354","-0.953127","0.226732","-0.171455","-0.261964","-0.949725","0.964604","0.151407","-0.215904"
"6","1960410818495","9.01114","2.08722","-1.6572","0","0","0","0.214731","-0.938876","0.269076","-0.157871","-0.305245","-0.939096","0.963829","0.159174","-0.213767"
"6","1960427542127","9.06862","2.10637","-1.08244","0","0","0","0.211909","-0.944122","0.252445","-0.161639","-0.288613","-0.943703","0.963829","0.159174","-0.213767"
"6","1960444387831","9.16441","1.89563","-0.775909","0","0","0","0.213239","-0.945276","0.246944","-0.158163","-0.282823","-0.946042","0.964113","0.162675","-0.209817"
"6","1960454458631","9.27936","1.78069","-0.833389","0","0","0","0.210197","-0.95172","0.223709","-0.156925","-0.258698","-0.953126","0.964983","0.165239","-0.203726"
"6","1960465689100","9.56674","1.35919","-1.13992","0","0","0","0.210197","-0.95172","0.223709","-0.156925","-0.258698","-0.953126","0.964983","0.165239","-0.203726"
"6","1960478170789","9.75832","1.28256","-1.44646","0","0","0","0.204737","-0.959186","0.195052","-0.157488","-0.228958","-0.960612","0.966064","0.165955","-0.197936"
"6","1960494650282","10.1415","1.24425","-1.59972","0","0","0","0.207023","-0.951882","0.22597","-0.147908","-0.258771","-0.954547","0.967091","0.16419","-0.194363"
"6","1960511526502","10.0265","1.43584","-1.63805","0","0","0","0.209848","-0.941116","0.265074","-0.137558","-0.296832","-0.94497","0.968009","0.161838","-0.191748"
"6","1960528280653","9.94991","1.74237","-1.54225","0","0","0","0.211708","-0.931799","0.294841","-0.129825","-0.325818","-0.936477","0.968672","0.159982","-0.189949"
"6","1960545095838","9.87326","2.14468","-1.71468","0","0","0","0.200981","-0.953302","0.225436","-0.143266","-0.256262","-0.955931","0.969062","0.159827","-0.188079"
"6","1960561849989","10.1223","2.25964","-1.79131","0","0","0","0.202019","-0.954217","0.220584","-0.142407","-0.251454","-0.957335","0.968973","0.161987","-0.186685"
"6","1960578604139","10.4863","2.29796","-1.73383","0","0","0","0.21052","-0.942402","0.259921","-0.132306","-0.290899","-0.947562","0.968595","0.165092","-0.185925"
"6","1960595449842","10.7545","2.08722","-1.48477","0","0","0","0.219068","-0.926906","0.30472","-0.120077","-0.335544","-0.93434","0.968293","0.168095","-0.184807"
"6","1960612295545","10.7737","1.95311","-1.35066","0","0","0","0.211295","-0.947492","0.240029","-0.131794","-0.270949","-0.953529","0.968496","0.169841","-0.182124"
"6","1960628988661","10.7737","1.85732","-1.40814","0","0","0","0.221398","-0.920426","0.322178","-0.109588","-0.351768","-0.929651","0.969006","0.170516","-0.178749"
"6","1960645773329","11.1186","2.35542","-2.21278","0","0","0","0.22385","-0.907053","0.356575","-0.0982914","-0.385004","-0.917666","0.969655","0.170371","-0.175339"
"6","1960662557997","12.6321","3.7923","-5.16316","0","0","0","0.218582","-0.927986","0.301768","-0.110319","-0.330763","-0.937243","0.969563","0.171574","-0.174673"
"6","1960679342664","13.6474","4.38622","-5.29727","0","0","0","0.225091","-0.935038","0.273931","-0.12522","-0.306576","-0.943573","0.966258","0.178088","-0.186093"
"6","1960696127332","13.1877","4.06052","-3.63051","0","0","0","0.240546","-0.925762","0.291724","-0.131197","-0.328802","-0.935242","0.96173","0.186695","-0.200549"
"6","1960712942518","12.0381","3.00681","-2.00204","0","0","0","0.242466","-0.945828","0.215917","-0.15232","-0.256912","-0.954356","0.958128","0.19851","-0.206361"
"6","1960729696668","10.5438","2.62364","-1.08244","0","0","0","0.253246","-0.924654","0.284397","-0.129102","-0.323654","-0.937327","0.958749","0.200658","-0.201338"
"6","1960746511854","8.60883","3.38998","-1.00581","0","0","0","0.243491","-0.945211","0.217459","-0.146672","-0.257513","-0.955078","0.958749","0.200658","-0.201338"
"6","1960763296522","7.97659","3.81146","-1.81047","0","0","0","0.256192","-0.943676","0.209385","-0.138866","-0.250298","-0.958158","0.956599","0.216396","-0.195169"
"6","1960780081190","8.89619","3.52408","-3.4964","0","0","0","0.255213","-0.956397","0.142029","-0.159842","-0.186605","-0.969345","0.953581","0.224687","-0.200496"
"6","1960796835340","10.8312","1.26341","-5.52718","0","0","0","0.256266","-0.95514","0.148446","-0.158148","-0.192936","-0.968383","0.953581","0.224687","-0.200496"
"6","1960813589491","10.927","-0.63327","-5.60381","0","0","0","0.257704","-0.944699","0.202809","-0.174773","-0.252012","-0.951811","0.950286","0.209841","-0.230052"
"6","1960830557264","10.0457","-1.80193","-4.79916","0","0","0","0.236836","-0.966746","0.0964951","-0.202153","-0.146182","-0.968382","0.950286","0.209841","-0.230052"
"6","1960847250379","9.01114","-1.84024","-3.72629","0","0","0","0.245849","-0.943777","0.221003","-0.187924","-0.270084","-0.944319","0.950917","0.190628","-0.243758"
"6","1960863974012","8.05322","-1.09306","-3.15155","0","0","0","0.229079","-0.948233","0.219947","-0.202087","-0.267361","-0.942167","0.952199","0.171382","-0.252872"
"6","1960880911268","7.65091","-0.173462","-3.07491","0","0","0","0.222505","-0.942511","0.249327","-0.204878","-0.295231","-0.933201","0.953161","0.15656","-0.25879"
"6","1960897543348","8.16818","1.05267","-2.97913","0","0","0","0.22226","-0.933178","0.282451","-0.205064","-0.327959","-0.922167","0.953179","0.14704","-0.264253"
"6","1960914297498","8.95367","1.76152","-3.07491","0","0","0","0.215909","-0.943391","0.251785","-0.219095","-0.298101","-0.92905","0.951515","0.145425","-0.271055"
"6","1960931234754","9.60506","1.68489","-3.45808","0","0","0","0.228802","-0.927139","0.296754","-0.210497","-0.344749","-0.914789","0.950442","0.14684","-0.274039"
"6","1960947927870","10.0074","1.51247","-3.4006","0","0","0","0.234058","-0.919853","0.314782","-0.209155","-0.363835","-0.907678","0.949458","0.146611","-0.27755"
"6","1960964682020","9.35599","1.14845","-3.07491","0","0","0","0.234058","-0.919853","0.314782","-0.209155","-0.363835","-0.907678","0.949048","0.14551","-0.279526"
"6","1960981497206","8.62798","0.726974","-2.51932","0","0","0","0.21222","-0.948367","0.23572","-0.23204","-0.283219","-0.930562","0.949274","0.142787","-0.280164"
"6","1960998251356","8.01491","0.286331","-2.04036","0","0","0","0.209217","-0.947725","0.240926","-0.231544","-0.287384","-0.929407","0.950061","0.138662","-0.279566"
"6","1961015066541","7.7467","0.171387","-1.75299","0","0","0","0.206539","-0.950968","0.230218","-0.233936","-0.276463","-0.932117","0.950061","0.138662","-0.279566"
"6","1961031820692","8.05322","-0.0393524","-1.79131","0","0","0","0.192826","-0.955015","0.22531","-0.233522","-0.267686","-0.934779","0.95304","0.127635","-0.274634"
"6","1961048605360","8.37892","-0.422516","-1.81047","0","0","0","0.192826","-0.955015","0.22531","-0.233522","-0.267686","-0.934779","0.95304","0.127635","-0.274634"
"6","1961065542616","8.70461","-1.03558","-1.67636","0","0","0","0.176271","-0.96525","0.192927","-0.238922","-0.23209","-0.942895","0.954906","0.12011","-0.27153"
"6","1961082235731","8.81956","-0.844009","-1.54225","0","0","0","0.166245","-0.954551","0.247375","-0.226846","-0.281159","-0.932465","0.959637","0.0989014","-0.263278"
"6","1961098989881","8.93451","-0.269257","-1.58057","0","0","0","0.166245","-0.954551","0.247375","-0.226846","-0.281159","-0.932465","0.959637","0.0989014","-0.263278"
"6","1961115805067","9.10693","0.171387","-1.5614","0","0","0","0.169976","-0.938609","0.300201","-0.215545","-0.332669","-0.91808","0.961586","0.0913448","-0.258858"
"6","1961132528700","9.1261","0.209702","-1.48477","0","0","0","0.16661","-0.935174","0.312555","-0.211056","-0.343462","-0.915144","0.96317","0.0865056","-0.254599"
"6","1961149282850","9.33684","-0.326736","-1.27403","0","0","0","0.165044","-0.930219","0.3278","-0.205372","-0.357486","-0.911058","0.964667","0.0830432","-0.250042"
"6","1961166250623","9.47095","-0.748215","-1.21655","0","0","0","0.16122","-0.925462","0.342825","-0.199301","-0.370742","-0.907099","0.966585","0.0779172","-0.244217"
"6","1961182913221","9.35599","-0.499161","-1.15909","0","0","0","0.155974","-0.898394","0.41056","-0.182985","-0.434733","-0.881773","0.970664","0.0624075","-0.2322"
"6","1961200186170","9.10693","0.152222","-1.40814","0","0","0","0.15844","-0.878421","0.450859","-0.173183","-0.474272","-0.863177","0.972062","0.0586809","-0.227271"
"6","1961216055311","9.52841","0.49707","-1.48477","0","0","0","0.156172","-0.877539","0.45336","-0.169659","-0.476003","-0.862924","0.97305","0.0578475","-0.223221"
"6","1961232626356","10.3522","0.841919","-1.73383","0","0","0","0.152725","-0.883879","0.442078","-0.167921","-0.46403","-0.869758","0.973898","0.0585997","-0.219291"
"6","1961249411024","11.0802","1.47415","-2.13615","0","0","0","0.147501","-0.902961","0.403614","-0.17109","-0.42522","-0.888772","0.974152","0.0620408","-0.217208"
"6","1961266195692","11.5592","1.4933","-1.52309","0","0","0","0.153414","-0.893793","0.421424","-0.162123","-0.44346","-0.88151","0.974772","0.0669134","-0.212937"
"6","1961282980360","12.1531","0.592865","-1.38898","0","0","0","0.14934","-0.899201","0.41126","-0.157915","-0.432275","-0.887807","0.976094","0.0676412","-0.206553"
"6","1961299734510","12.2489","-0.403366","-0.948334","0","0","0","0.153573","-0.861648","0.483713","-0.141463","-0.503649","-0.852247","0.977959","0.0624544","-0.199238"
"6","1961316549696","12.1531","-0.0776672","0.0287323","0","0","0","0.14102","-0.868873","0.474525","-0.136153","-0.491781","-0.860008","0.9806","0.05667","-0.187651"
"6","1961333334364","11.9998","0.286331","0.335266","0","0","0","0.134989","-0.858859","0.494105","-0.122847","-0.509329","-0.851759","0.983202","0.0542784","-0.174261"
"6","1961350119032","12.383","-0.0585175","-1.04413","0","0","0","0.128933","-0.855867","0.500867","-0.115994","-0.514632","-0.849529","0.984846","0.051435","-0.165628"
"6","1961366903700","13.4176","-0.115982","-3.89871","0","0","0","0.126865","-0.859658","0.494867","-0.123375","-0.508699","-0.852058","0.984217","0.0470419","-0.170597"
"6","1961383688368","13.7816","-1.59117","-3.4006","0","0","0","0.128132","-0.837872","0.530615","-0.129241","-0.544569","-0.828699","0.9833","0.0376053","-0.178064"
"6","1961400473036","12.4788","-2.01266","-4.78","0","0","0","0.119862","-0.846978","0.51794","-0.146126","-0.53107","-0.834633","0.981978","0.0243565","-0.18742"
"6","1961417257704","11.1569","-1.85939","-5.39307","0","0","0","0.116172","-0.855297","0.504947","-0.167035","-0.517972","-0.83893","0.979083","0.0131161","-0.203039"
"6","1961434042372","8.76208","-0.78653","-5.16316","0","0","0","0.123068","-0.843612","0.52266","-0.181311","-0.536912","-0.823924","0.975695","0.00663529","-0.219033"
"6","1961450827039","7.15279","0.61203","-5.14401","0","0","0","0.124486","-0.865502","0.48519","-0.200788","-0.500851","-0.841922","0.971693","0.00738709","-0.236131"
"6","1961467611707","6.8271","2.45122","-4.58841","0","0","0","0.135078","-0.877543","0.460079","-0.212939","-0.479195","-0.851487","0.967683","0.0170485","-0.251591"
"6","1961484396375","7.61259","4.75021","-3.53471","0","0","0","0.148313","-0.896439","0.417613","-0.218","-0.441531","-0.87036","0.964613","0.0380465","-0.260909"
"6","1961501181043","8.16818","5.76561","-3.36229","0","0","0","0.136174","-0.919236","0.369407","-0.225782","-0.391863","-0.891889","0.964613","0.0380465","-0.260909"
"6","1961517935194","7.24858","3.60072","-3.53471","0","0","0","0.171166","-0.939398","0.297041","-0.229904","-0.33125","-0.915105","0.958043","0.0883444","-0.27267"
"6","1961534719862","8.76208","-0.211777","-3.13239","0","0","0","0.169527","-0.943914","0.283348","-0.236476","-0.318071","-0.918101","0.956734","0.0886383","-0.277134"
"6","1961551535047","10.6971","-1.3996","-3.61134","0","0","0","0.168926","-0.931136","0.323188","-0.235657","-0.356546","-0.904069","0.957042","0.0765591","-0.279659"
"6","1961568319715","11.0419","-0.690735","-4.01367","0","0","0","0.163197","-0.92913","0.33179","-0.24159","-0.363695","-0.899644","0.956557","0.0666621","-0.283823"
"6","1961585104383","10.6204","0.420441","-3.72629","0","0","0","0.16859","-0.918099","0.35871","-0.24087","-0.391259","-0.888199","0.955803","0.063339","-0.287105"
"6","1961601858534","9.33684","1.5891","-2.99828","0","0","0","0.165062","-0.928813","0.331755","-0.245631","-0.364483","-0.89823","0.955207","0.0667741","-0.288308"
"6","1961618643202","8.09155","1.99142","-2.92165","0","0","0","0.178314","-0.9187","0.352413","-0.240503","-0.387982","-0.889735","0.954129","0.0738955","-0.290133"
"6","1961635458387","7.57426","1.76152","-2.86417","0","0","0","0.183475","-0.921262","0.342947","-0.24189","-0.380453","-0.892605","0.952799","0.0808155","-0.292648"
"6","1961652243055","7.72754","0.918564","-2.59595","0","0","0","0.180756","-0.929534","0.321393","-0.246417","-0.359154","-0.90016","0.952159","0.0835126","-0.293972"
"6","1961669027723","8.66629","0.382126","-1.86794","0","0","0","0.18813","-0.91414","0.359104","-0.236624","-0.397049","-0.88677","0.953214","0.0818553","-0.291005"
"6","1961685781873","8.93451","1.07182","-1.82962","0","0","0","0.174948","-0.932525","0.315895","-0.24128","-0.351666","-0.904497","0.954556","0.0820213","-0.286523"
"6","1961702597059","8.66629","2.01057","-2.13615","0","0","0","0.192235","-0.910671","0.365684","-0.226276","-0.403725","-0.886456","0.954906","0.0876622","-0.283673"
"6","1961719351209","8.26398","2.66196","-1.82962","0","0","0","0.19197","-0.923391","0.332409","-0.226999","-0.371302","-0.900337","0.954787","0.097381","-0.280888"
"6","1961736166395","8.14902","2.91103","-1.13992","0","0","0","0.197053","-0.92777","0.31688","-0.220829","-0.356914","-0.90766","0.955199","0.108881","-0.27521"
"6","1961752951063","8.09155","2.70029","-0.910019","0","0","0","0.209901","-0.916526","0.340472","-0.204441","-0.381675","-0.901403","0.95611","0.119599","-0.267489"
"6","1961769735731","8.49387","2.16385","-0.603485","0","0","0","0.206038","-0.929645","0.305464","-0.201298","-0.345752","-0.91648","0.957616","0.127341","-0.258374"
"6","1961786489881","9.20273","1.28256","-0.967499","0","0","0","0.208767","-0.922338","0.32513","-0.188028","-0.364108","-0.912179","0.95972","0.129299","-0.249439"
"6","1961803274549","9.43263","0.956879","-1.92542","0","0","0","0.198041","-0.937119","0.287381","-0.19255","-0.324669","-0.926021","0.961095","0.128055","-0.24474"
"6","1961820089735","9.16441","1.1293","-2.67259","0","0","0","0.208592","-0.91661","0.34105","-0.18144","-0.378936","-0.907462","0.961025","0.12741","-0.245353"
"6","1961836874403","9.70084","1.01434","-3.41975","0","0","0","0.206103","-0.922767","0.325613","-0.189772","-0.364132","-0.911808","0.959952","0.126134","-0.250164"
"6","1961853659071","11.9807","1.4933","-2.50017","0","0","0","0.195648","-0.939368","0.281621","-0.199947","-0.319348","-0.926303","0.960075","0.12492","-0.250303"
"6","1961870413221","13.3601","2.10637","-0.296951","0","0","0","0.199948","-0.927168","0.316827","-0.179817","-0.352588","-0.918339","0.963165","0.12665","-0.237221"
"6","1961887228407","13.1302","2.45122","0.66095","0","0","0","0.197895","-0.924762","0.325043","-0.158852","-0.357474","-0.920314","0.967266","0.130492","-0.217642"
"6","1961904013075","11.8657","2.68112","0.603485","0","0","0","0.186589","-0.947604","0.25929","-0.15421","-0.288903","-0.944857","0.97026","0.136315","-0.200036"
"6","1961920828260","11.4826","3.1026","-0.373596","0","0","0","0.19436","-0.937437","0.288853","-0.134083","-0.317094","-0.938868","0.971723","0.143748","-0.187325"
"6","1961937551893","11.7891","3.4283","-4.55009","0","0","0","0.20734","-0.928684","0.3075","-0.130804","-0.337826","-0.932075","0.969485","0.153034","-0.19152"
"6","1961954367079","14.567","2.96849","-7.84532","0","0","0","0.221114","-0.921117","0.320395","-0.14932","-0.356628","-0.922236","0.963749","0.156078","-0.216396"
"6","1961971151747","13.0727","3.02597","-6.63835","0","0","0","0.227442","-0.926883","0.298592","-0.170352","-0.339771","-0.924952","0.958776","0.159507","-0.235174"
"6","1961987936414","11.1569","2.33627","-5.91034","0","0","0","0.222567","-0.946282","0.234552","-0.199683","-0.279733","-0.939083","0.954249","0.162173","-0.251215"
"6","1962004721082","9.73917","0.439606","-3.72629","0","0","0","0.219967","-0.948386","0.228425","-0.209912","-0.274692","-0.93834","0.952655","0.158455","-0.259501"
"6","1962021475233","7.99576","-1.51454","-2.30858","0","0","0","0.227813","-0.921264","0.315235","-0.194771","-0.36032","-0.912269","0.954026","0.146428","-0.261521"
"6","1962038259901","7.05699","-2.70236","-2.05952","0","0","0","0.207587","-0.930817","0.300812","-0.205989","-0.34221","-0.916766","0.956282","0.128345","-0.262776"
"6","1962055075086","7.26775","-2.70236","-2.17447","0","0","0","0.198668","-0.918323","0.342365","-0.205116","-0.380551","-0.901725","0.958362","0.10892","-0.263966"
"6","1962071859754","8.87703","-1.05475","-2.90248","0","0","0","0.195394","-0.903616","0.381181","-0.204427","-0.417662","-0.885307","0.959182","0.09506","-0.266332"
"6","1962088644422","9.91159","2.183","-3.4006","0","0","0","0.197644","-0.903063","0.381331","-0.205423","-0.418523","-0.884669","0.958508","0.0965151","-0.268229"
"6","1962105429090","9.0303","2.70029","-3.95619","0","0","0","0.199601","-0.917362","0.344392","-0.215526","-0.383959","-0.897844","0.955881","0.104985","-0.274354"
"6","1962122183241","8.2065","2.85355","-3.41975","0","0","0","0.215663","-0.907085","0.361506","-0.212454","-0.404938","-0.889319","0.953076","0.11499","-0.280043"
"6","1962138998426","7.84248","2.20216","-2.65343","0","0","0","0.211568","-0.927048","0.309551","-0.22419","-0.354307","-0.907858","0.951303","0.122676","-0.282795"
"6","1962155783094","7.89996","1.20593","-2.15532","0","0","0","0.208271","-0.935272","0.286162","-0.228439","-0.331001","-0.915562","0.95102","0.125314","-0.28259"
"6","1962172567762","7.8808","-0.154312","-2.19363","0","0","0","0.189886","-0.954189","0.231229","-0.240775","-0.273579","-0.931226","0.951825","0.121152","-0.281693"
"6","1962189352430","8.26398","-0.748215","-2.95996","0","0","0","0.199775","-0.931949","0.302589","-0.230484","-0.344845","-0.909923","0.952348","0.112038","-0.283691"
"6","1962206106581","8.60883","-1.36128","-2.9408","0","0","0","0.18505","-0.93923","0.289143","-0.240039","-0.328512","-0.913489","0.952963","0.0996354","-0.286243"
"6","1962222891248","8.4364","-1.59117","-2.36606","0","0","0","0.181975","-0.926996","0.327968","-0.237079","-0.36506","-0.900292","0.954295","0.0860763","-0.286203"
"6","1962239675916","8.95367","-1.01643","-1.63805","0","0","0","0.156805","-0.947535","0.27855","-0.246148","-0.310633","-0.918106","0.956464","0.0753989","-0.281943"
"6","1962256491102","9.33684","-0.269257","-1.52309","0","0","0","0.170229","-0.916138","0.362923","-0.227973","-0.39492","-0.889981","0.958671","0.068764","-0.276082"
"6","1962273245252","9.26021","-0.0968323","-1.44646","0","0","0","0.152359","-0.935669","0.318291","-0.231736","-0.346894","-0.908825","0.960773","0.0647087","-0.269681"
"6","1962290121473","8.97282","-0.307571","-1.08244","0","0","0","0.155561","-0.919746","0.360372","-0.219905","-0.387903","-0.895083","0.963038","0.059992","-0.262599"
"6","1962306875623","8.55135","-0.441681","-0.948334","0","0","0","0.148357","-0.919535","0.36393","-0.214872","-0.389183","-0.895749","0.965308","0.0546926","-0.25532"
"6","1962323660291","8.45555","-0.690735","-1.08244","0","0","0","0.137408","-0.925218","0.353683","-0.213305","-0.376332","-0.901596","0.967274","0.0484443","-0.249065"
"6","1962340963758","8.74294","-0.863159","-1.10161","0","0","0","0.128654","-0.925368","0.35657","-0.210085","-0.37683","-0.902144","0.969181","0.0411542","-0.242887"
"6","1962357778944","8.95367","-0.863159","-0.986664","0","0","0","0.114326","-0.934916","0.335949","-0.209254","-0.353242","-0.911829","0.971155","0.0339466","-0.23602"
