"id","time","accX","accY","accZ","gyroX","gyroY","gyroZ","rot1","rot2","rot3","rot4","rot5","rot6","rot7","rot8","rot9"
"10","159988477462995","9.87326","0.382126","-2.17447","0","0","0","0","0","0","0","0","0","0","0","0"
"10","159988487564313","9.87326","0.401291","-2.13615","0","0","0","0","0","0","0","0","0","0","0","0"
"10","159988496780622","9.85411","0.382126","-2.07867","0","0","0","0.141919","-0.852459","0.503162","-0.159374","-0.521353","-0.838326","0.976964","0.0387837","-0.20985"
"10","159988512741315","9.83495","0.439606","-2.02121","0","0","0","0.143859","-0.845274","0.514603","-0.154963","-0.532839","-0.831907","0.97739","0.0399327","-0.207639"
"10","159988529495466","9.8158","0.439606","-2.02121","0","0","0","0.14695","-0.835554","0.529391","-0.151144","-0.547884","-0.822787","0.977528","0.0408945","-0.2068"
"10","159988546219098","9.79663","0.420441","-1.96373","0","0","0","0.149771","-0.824387","0.545852","-0.146928","-0.564506","-0.812247","0.977743","0.0414498","-0.205673"
"10","159988563034284","9.79663","0.49707","-1.96373","0","0","0","0.141729","-0.85352","0.501415","-0.15431","-0.519385","-0.840492","0.977804","0.041749","-0.205319"
"10","159988579818952","9.8158","0.49707","-1.98289","0","0","0","0.151041","-0.82047","0.551376","-0.144917","-0.570127","-0.808674","0.977847","0.0422395","-0.205013"
"10","159988596634138","9.85411","0.439606","-2.04036","0","0","0","0.154581","-0.80611","0.571219","-0.141135","-0.590256","-0.794782","0.977847","0.0422395","-0.205013"
"10","159988613388288","9.87326","0.401291","-2.04036","0","0","0","0.154683","-0.806337","0.57087","-0.14095","-0.589925","-0.79506","0.977858","0.0425177","-0.204905"
"10","159988630142438","9.79663","0.362961","-2.00204","0","0","0","0.148375","-0.830687","0.536605","-0.147264","-0.55512","-0.81863","0.977905","0.0424419","-0.204696"
"10","159988646988141","9.77748","0.420441","-1.96373","0","0","0","0.139091","-0.861885","0.487655","-0.155617","-0.505347","-0.848768","0.977976","0.0421682","-0.204413"
"10","159988663772809","9.79663","0.439606","-1.96373","0","0","0","0.152819","-0.810098","0.566028","-0.141509","-0.584791","-0.798746","0.97807","0.0419655","-0.204003"
"10","159988680557477","9.79663","0.420441","-2.00204","0","0","0","0.145842","-0.837106","0.527241","-0.148308","-0.545416","-0.82494","0.978128","0.0421171","-0.203694"
"10","159988697311628","9.83495","0.382126","-1.98289","0","0","0","0.143722","-0.844677","0.51562","-0.150196","-0.533612","-0.832286","0.978154","0.042174","-0.203559"
"10","159988714065778","9.83495","0.343811","-2.02121","0","0","0","0.143274","-0.845788","0.513921","-0.150452","-0.531857","-0.833362","0.97818","0.0420783","-0.203452"
"10","159988730880964","9.8158","0.362961","-2.02121","0","0","0","0.149776","-0.820458","0.551739","-0.143764","-0.570175","-0.808846","0.978212","0.0418252","-0.203351"
"10","159988747726667","9.83495","0.420441","-2.07867","0","0","0","0.148231","-0.825319","0.544863","-0.145247","-0.563143","-0.813494","0.978228","0.0414459","-0.20335"
"10","159988764450300","9.8158","0.439606","-2.09784","0","0","0","0.155197","-0.796448","0.584453","-0.137885","-0.603294","-0.785509","0.978214","0.0413213","-0.203447"
"10","159988781173932","9.8158","0.458755","-2.11699","0","0","0","0.151681","-0.813093","0.562025","-0.14231","-0.580644","-0.801623","0.978131","0.0416095","-0.203784"
"10","159988798050153","9.77748","0.439606","-2.05952","0","0","0","0.14886","-0.824328","0.54619","-0.145258","-0.564581","-0.812495","0.978131","0.0416095","-0.203784"
"10","159988814865339","9.73917","0.420441","-1.98289","0","0","0","0.14458","-0.841252","0.520954","-0.149802","-0.539026","-0.828861","0.978088","0.0417966","-0.203953"
"10","159988831619489","9.77748","0.362961","-2.05952","0","0","0","0.147721","-0.829974","0.537886","-0.146776","-0.556227","-0.817966","0.978077","0.0418824","-0.203987"
"10","159988848373639","9.85411","0.401291","-2.05952","0","0","0","0.150072","-0.820491","0.551609","-0.14449","-0.570138","-0.808743","0.97806","0.0416678","-0.204114"
"10","159988865127790","9.91159","0.439606","-2.11699","0","0","0","0.145399","-0.838026","0.525901","-0.149471","-0.544054","-0.825629","0.978017","0.0414385","-0.204366"
"10","159988881942975","9.89243","0.439606","-2.15532","0","0","0","0.146471","-0.834807","0.530701","-0.148862","-0.548979","-0.822473","0.97795","0.0414674","-0.20468"
"10","159988898788679","9.8158","0.401291","-2.07867","0","0","0","0.144694","-0.842593","0.518749","-0.151258","-0.536939","-0.82995","0.977847","0.0416243","-0.205141"
"10","159988915512311","9.77748","0.401291","-2.07867","0","0","0","0.149389","-0.82575","0.543893","-0.146887","-0.562496","-0.813648","0.977807","0.0416587","-0.205323"
"10","159988932296979","9.83495","0.401291","-2.04036","0","0","0","0.145723","-0.839361","0.523678","-0.150679","-0.541983","-0.826771","0.977783","0.0415722","-0.205454"
"10","159988949081647","9.85411","0.382126","-2.05952","0","0","0","0.151826","-0.815644","0.558277","-0.144385","-0.577068","-0.803832","0.977805","0.0414355","-0.205381"
"10","159988965896833","9.87326","0.382126","-2.07867","0","0","0","0.156642","-0.794928","0.586134","-0.139074","-0.6053","-0.783754","0.977815","0.0412533","-0.205369"
"10","159988982712018","9.8158","0.362961","-2.07867","0","0","0","0.150892","-0.818442","0.554422","-0.14579","-0.573135","-0.806388","0.977741","0.0408483","-0.205802"
"10","159988999466169","9.73917","0.420441","-2.04036","0","0","0","0.141833","-0.851491","0.504823","-0.154618","-0.522775","-0.838331","0.977741","0.0408483","-0.205802"
"10","159989016159284","9.79663","0.401291","-2.05952","0","0","0","0.14184","-0.851503","0.5048","-0.154784","-0.522762","-0.838309","0.977713","0.0407707","-0.205948"
"10","159989033004987","9.91159","0.362961","-2.2511","0","0","0","0.144296","-0.843026","0.518156","-0.15243","-0.536323","-0.830134","0.977724","0.0408027","-0.205892"
"10","159989049881208","9.93074","0.382126","-2.21278","0","0","0","0.152673","-0.812508","0.562602","-0.144871","-0.581526","-0.800525","0.977601","0.0407138","-0.206492"
"10","159989066604841","9.85411","0.420441","-2.23195","0","0","0","0.1454","-0.840684","0.521642","-0.153107","-0.540013","-0.827614","0.977454","0.0404684","-0.207233"
"10","159989083358991","9.73917","0.458755","-2.15532","0","0","0","0.151371","-0.819363","0.55293","-0.147943","-0.571854","-0.806905","0.977343","0.0403395","-0.207781"
"10","159989100143659","9.8158","0.477921","-2.17447","0","0","0","0.142196","-0.854008","0.50045","-0.157712","-0.518676","-0.840299","0.977194","0.0405603","-0.208441"
"10","159989116928327","9.85411","0.439606","-2.17447","0","0","0","0.144719","-0.8473","0.511017","-0.156216","-0.529542","-0.833776","0.977064","0.0408344","-0.208996"
"10","159989133743513","9.8158","0.401291","-2.13615","0","0","0","0.145036","-0.847789","0.510117","-0.15678","-0.528746","-0.834174","0.976926","0.041009","-0.209604"
"10","159989150528180","9.73917","0.420441","-2.09784","0","0","0","0.150872","-0.827938","0.540144","-0.151687","-0.559317","-0.814958","0.976846","0.0410217","-0.209973"
"10","159989167282331","9.77748","0.477921","-2.19363","0","0","0","0.153205","-0.819609","0.55206","-0.149634","-0.571454","-0.806877","0.9768","0.0410107","-0.210191"
"10","159989184036481","9.87326","0.49707","-2.19363","0","0","0","0.14732","-0.842545","0.518087","-0.156027","-0.537041","-0.829001","0.976705","0.0412927","-0.210577"
"10","159989200882184","9.85411","0.477921","-2.30858","0","0","0","0.137956","-0.874559","0.464881","-0.165184","-0.483112","-0.859836","0.976567","0.0418285","-0.211111"
"10","159989217636335","9.77748","0.439606","-2.19363","0","0","0","0.152119","-0.830615","0.535667","-0.153268","-0.555243","-0.817444","0.976406","0.0422479","-0.211769"
"10","159989234451520","9.73917","0.439606","-2.17447","0","0","0","0.146484","-0.851426","0.503603","-0.159494","-0.522762","-0.837426","0.97627","0.0423475","-0.212374"
"10","159989251144636","9.73917","0.420441","-2.15532","0","0","0","0.141209","-0.868931","0.474361","-0.164723","-0.493105","-0.854233","0.976179","0.0424877","-0.212764"
"10","159989268020856","9.79663","0.439606","-2.23195","0","0","0","0.139964","-0.873571","0.466138","-0.16636","-0.484826","-0.858643","0.976081","0.0426319","-0.213186"
"10","159989284805524","9.8158","0.458755","-2.27026","0","0","0","0.154289","-0.827849","0.539315","-0.153884","-0.559324","-0.81454","0.975968","0.0426826","-0.213691"
"10","159989301559675","9.8158","0.477921","-2.28943","0","0","0","0.153101","-0.83328","0.531229","-0.15591","-0.551202","-0.819676","0.975834","0.0426687","-0.214306"
"10","159989318344343","9.83495","0.49707","-2.30858","0","0","0","0.146891","-0.855824","0.495973","-0.162739","-0.515489","-0.841301","0.975674","0.0428651","-0.214997"
"10","159989335129011","9.8158","0.49707","-2.34689","0","0","0","0.154337","-0.833298","0.530843","-0.156882","-0.551133","-0.819537","0.975484","0.0432052","-0.215789"
"10","159989351913679","9.8158","0.458755","-2.30858","0","0","0","0.146244","-0.862035","0.485292","-0.165563","-0.504975","-0.847106","0.975296","0.0435379","-0.21657"
"10","159989368759382","9.79663","0.439606","-2.2511","0","0","0","0.154929","-0.835432","0.527305","-0.15834","-0.547848","-0.821456","0.975154","0.0437741","-0.21716"
"10","159989385483014","9.75832","0.49707","-2.27026","0","0","0","0.145153","-0.86767","0.475478","-0.168128","-0.49521","-0.85235","0.97502","0.0437797","-0.217761"
"10","159989402237165","9.77748","0.458755","-2.23195","0","0","0","0.148014","-0.860517","0.487445","-0.166443","-0.507518","-0.845413","0.974879","0.044001","-0.218346"
"10","159989419052350","9.75832","0.439606","-2.28943","0","0","0","0.153452","-0.844595","0.512944","-0.162107","-0.533576","-0.830071","0.974769","0.0442241","-0.218792"
"10","159989435806501","9.79663","0.401291","-2.30858","0","0","0","0.15214","-0.8503","0.503828","-0.164219","-0.524424","-0.835471","0.974621","0.0443704","-0.219422"
"10","159989452652204","9.79663","0.439606","-2.28943","0","0","0","0.15227","-0.850504","0.503445","-0.164918","-0.524108","-0.821025","0.974482","0.0441993","-0.220069"
"10","159989469436872","9.79663","0.458755","-2.30858","0","0","0","0.150597","-0.856284","0.494064","-0.167102","-0.514621","-0.840977","0.97437","0.0440899","-0.220588"
"10","159989487106550","9.8158","0.401291","-2.30858","0","0","0","0.150748","-0.856529","0.493593","-0.167532","-0.514211","-0.841142","0.974273","0.0441074","-0.221012"
"10","159989499405134","9.8158","0.382126","-2.38521","0","0","0","0.157664","-0.834716","0.527627","-0.161628","-0.548918","-0.820101","0.974176","0.0440208","-0.221458"
"10","159989509781110","9.83495","0.382126","-2.28943","0","0","0","0.157664","-0.834716","0.527627","-0.161628","-0.548918","-0.820101","0.974176","0.0440208","-0.221458"
"10","159989520736921","9.77748","0.382126","-2.42352","0","0","0","0.153235","-0.849514","0.504821","-0.166628","-0.525752","-0.834158","0.97404","0.0437048","-0.222117"
"10","159989536575544","9.75832","0.382126","-2.27026","0","0","0","0.153106","-0.850092","0.503887","-0.16749","-0.524844","-0.834557","0.973913","0.0433799","-0.222738"
"10","159989553360212","9.75832","0.401291","-2.27026","0","0","0","0.158178","-0.833624","0.529198","-0.163173","-0.550645","-0.818636","0.973835","0.0431389","-0.223125"
"10","159989570114362","9.77748","0.382126","-2.34689","0","0","0","0.155208","-0.843552","0.514131","-0.166536","-0.535332","-0.828061","0.973743","0.0429003","-0.223569"
"10","159989586960065","9.8158","0.382126","-2.34689","0","0","0","0.153021","-0.850561","0.503121","-0.169097","-0.524144","-0.834673","0.973648","0.0426458","-0.224032"
"10","159989603775251","9.79663","0.382126","-2.32774","0","0","0","0.159739","-0.829219","0.535611","-0.163545","-0.55731","-0.814039","0.973518","0.0424372","-0.224638"
"10","159989620498884","9.75832","0.382126","-2.32774","0","0","0","0.167052","-0.803258","0.571726","-0.156738","-0.594136","-0.788946","0.97341","0.042184","-0.225153"
"10","159989637222516","9.77748","0.382126","-2.38521","0","0","0","0.165569","-0.808648","0.564514","-0.158663","-0.586799","-0.794036","0.973351","0.0419002","-0.225458"
"10","159989654037702","9.83495","0.343811","-2.36606","0","0","0","0.156176","-0.841015","0.517979","-0.168386","-0.539407","-0.825037","0.97327","0.0416308","-0.225858"
"10","159989670822370","9.77748","0.382126","-2.32774","0","0","0","0.149632","-0.860849","0.486363","-0.174862","-0.507187","-0.84391","0.973157","0.0412293","-0.226421"
"10","159989687637555","9.72","0.362961","-2.30858","0","0","0","0.159632","-0.829768","0.534792","-0.166449","-0.556607","-0.813931","0.973043","0.0409144","-0.226966"
"10","159989704422223","9.70084","0.324646","-2.42352","0","0","0","0.148436","-0.864078","0.480975","-0.176869","-0.501717","-0.846757","0.972977","0.0406194","-0.227301"
"10","159989721115339","9.66252","0.382126","-2.32774","0","0","0","0.148013","-0.865302","0.478899","-0.177972","-0.499632","-0.847758","0.97284","0.0402482","-0.227951"
"10","159989737991559","9.66252","0.401291","-2.23195","0","0","0","0.15808","-0.835419","0.52639","-0.169947","-0.548157","-0.818927","0.972692","0.0399973","-0.228629"
"10","159989754806745","9.77748","0.343811","-2.34689","0","0","0","0.157894","-0.835964","0.525579","-0.170063","-0.547324","-0.81946","0.972701","0.0400065","-0.228586"
"10","159989771560895","9.8158","0.267181","-2.44269","0","0","0","0.152605","-0.851924","0.500936","-0.17477","-0.522147","-0.834756","0.972711","0.0398393","-0.228572"
"10","159989788315046","9.72","0.228867","-2.27026","0","0","0","0.166004","-0.80709","0.566611","-0.162717","-0.589126","-0.791488","0.972608","0.0391928","-0.229124"
"10","159989805099714","9.73917","0.286331","-2.32774","0","0","0","0.152359","-0.849855","0.504512","-0.175451","-0.525622","-0.832429","0.972627","0.0383109","-0.229192"
"10","159989821914899","9.77748","0.401291","-2.28943","0","0","0","0.152091","-0.849406","0.50535","-0.17599","-0.526401","-0.831823","0.972572","0.0375763","-0.229548"
"10","159989838699567","9.70084","0.439606","-2.38521","0","0","0","0.160107","-0.824129","0.543303","-0.168903","-0.565159","-0.807507","0.972542","0.0375224","-0.229684"
"10","159989855484235","9.52841","0.362961","-2.481","0","0","0","0.150596","-0.855048","0.496198","-0.178026","-0.517173","-0.837161","0.972434","0.0377374","-0.230105"
"10","159989872207868","9.54758","0.113907","-2.2511","0","0","0","0.162452","-0.819857","0.549039","-0.168741","-0.571317","-0.803196","0.972181","0.0378348","-0.231155"
"10","159989889053571","9.68169","-0.0776672","-2.28943","0","0","0","0.161874","-0.820448","0.548326","-0.169828","-0.570526","-0.803529","0.972088","0.0369495","-0.231688"
"10","159989905868757","9.8158","0.0372772","-2.42352","0","0","0","0.163301","-0.80928","0.564268","-0.167707","-0.586392","-0.792476","0.972218","0.0347805","-0.23148"
"10","159989922622907","9.98822","0.248016","-2.53848","0","0","0","0.162331","-0.807631","0.566904","-0.169707","-0.582689","-0.794778","0.972244","0.0328105","-0.231655"
"10","159989939407575","10.2181","0.324646","-2.46185","0","0","0","0.154809","-0.831412","0.533656","-0.176178","-0.554743","-0.813156","0.972109","0.0318652","-0.232355"
"10","159989956131208","10.1415","0.209702","-2.55763","0","0","0","0.15524","-0.830475","0.534988","-0.176918","-0.55617","-0.812019","0.971906","0.0314089","-0.233265"
"10","159989972946393","9.79663","0.171387","-2.38521","0","0","0","0.138007","-0.878866","0.456671","-0.190666","-0.476033","-0.85851","0.971906","0.0314089","-0.233265"
"10","159989989792096","9.41347","0.248016","-2.21278","0","0","0","0.156902","-0.823341","0.545429","-0.176149","-0.566743","-0.804844","0.971779","0.0302048","-0.233953"
"10","159990006546247","9.35599","0.267181","-1.98289","0","0","0","0.169396","-0.779565","0.602979","-0.164169","-0.625592","-0.762681","0.971779","0.0302048","-0.233953"
"10","159990023361432","9.66252","0.305496","-1.8871","0","0","0","0.163561","-0.794717","0.584527","-0.16611","-0.606232","-0.777747","0.972448","0.030113","-0.231167"
"10","159990040085065","9.8158","0.286331","-2.09784","0","0","0","0.154032","-0.827325","0.540192","-0.174983","-0.560916","-0.809169","0.972448","0.030113","-0.231167"
"10","159990056930768","9.83495","0.209702","-2.30858","0","0","0","0.153431","-0.826161","0.542142","-0.173246","-0.56263","-0.808352","0.972854","0.0301021","-0.229454"
"10","159990073745954","9.68169","0.0181122","-2.40437","0","0","0","0.160815","-0.799128","0.579252","-0.165672","-0.60042","-0.782335","0.972981","0.0298457","-0.22895"
"10","159990090500104","9.77748","-0.0968323","-2.42352","0","0","0","0.16521","-0.780303","0.603185","-0.161422","-0.624735","-0.763969","0.972959","0.0288475","-0.229171"
"10","159990107223737","9.89243","-0.0585175","-2.481","0","0","0","0.157361","-0.805377","0.571494","-0.169838","-0.592153","-0.787725","0.972827","0.0268955","-0.229966"
"10","159990124038923","9.83495","0.133072","-2.53848","0","0","0","0.156711","-0.804197","0.573331","-0.171308","-0.593837","-0.786137","0.972674","0.0249798","-0.230826"
"10","159990140793073","9.68169","0.382126","-2.59595","0","0","0","0.152382","-0.818031","0.554621","-0.176447","-0.574676","-0.799133","0.972443","0.0239122","-0.231909"
"10","159990157608259","9.4901","0.382126","-2.5768","0","0","0","0.153083","-0.819275","0.552588","-0.177945","-0.572892","-0.800082","0.97206","0.0241489","-0.233486"
"10","159990174392927","9.47095","0.209702","-2.69174","0","0","0","0.145136","-0.848258","0.509307","-0.18673","-0.52899","-0.82783","0.971631","0.0250453","-0.23517"
"10","159990191116559","9.54758","0.171387","-2.82585","0","0","0","0.155128","-0.821615","0.548529","-0.18097","-0.569489","-0.801831","0.971177","0.0251191","-0.237032"
"10","159990207931745","9.70084","0.343811","-2.82585","0","0","0","0.158388","-0.814614","0.557958","-0.181258","-0.579477","-0.794577","0.970597","0.0247173","-0.239438"
"10","159990224807966","9.85411","0.650345","-2.61511","0","0","0","0.158096","-0.820003","0.550092","-0.184532","-0.571819","-0.799356","0.970027","0.0248655","-0.24172"
"10","159990241531598","9.89243","0.841919","-2.55763","0","0","0","0.162341","-0.813317","0.558713","-0.182811","-0.581213","-0.792951","0.969652","0.0265898","-0.243038"
"10","159990258285749","9.83495","0.784454","-2.50017","0","0","0","0.171543","-0.791084","0.587162","-0.17554","-0.611003","-0.771921","0.969411","0.0293475","-0.24368"
"10","159990275100934","9.83495","0.573715","-2.53848","0","0","0","0.16978","-0.810456","0.560656","-0.178881","-0.584809","-0.791201","0.969111","0.0340393","-0.244264"
"10","159990291885602","9.75832","0.49707","-2.71091","0","0","0","0.160623","-0.838684","0.520394","-0.187147","-0.543554","-0.818245","0.969111","0.0340393","-0.244264"
"10","159990308731305","9.31767","0.61203","-2.76837","0","0","0","0.161458","-0.840222","0.517647","-0.188085","-0.541114","-0.819646","0.968791","0.0349769","-0.2454"
"10","159990325454938","8.78125","0.861084","-2.61511","0","0","0","0.152252","-0.870106","0.468759","-0.198191","-0.491533","-0.848007","0.968266","0.0362069","-0.247284"
"10","159990342148054","8.74294","1.11014","-2.15532","0","0","0","0.163727","-0.847903","0.504236","-0.191898","-0.528744","-0.826804","0.967661","0.0386082","-0.249281"
"10","159990359024274","9.89243","1.28256","-1.31235","0","0","0","0.169496","-0.84058","0.514487","-0.188133","-0.540038","-0.820345","0.967408","0.0422534","-0.249675"
"10","159990375778425","10.6013","1.09099","-1.38898","0","0","0","0.167154","-0.851727","0.496609","-0.185977","-0.521892","-0.832491","0.968231","0.0467961","-0.245638"
"10","159990392563093","10.9653","0.74614","-1.46562","0","0","0","0.160354","-0.870339","0.465615","-0.184624","-0.489841","-0.852039","0.969639","0.0506638","-0.239233"
"10","159990409378278","10.6588","0.516235","-1.44646","0","0","0","0.159052","-0.86983","0.46701","-0.178123","-0.490552","-0.853013","0.971069","0.0524882","-0.23296"
"10","159990426101911","10.6013","0.209702","-1.58057","0","0","0","0.167952","-0.834148","0.525347","-0.162073","-0.549031","-0.819938","0.972381","0.0525659","-0.227403"
"10","159990442947614","10.3139","0.0181122","-2.481","0","0","0","0.16378","-0.835304","0.524826","-0.158759","-0.547394","-0.821679","0.973638","0.0512536","-0.222265"
"10","159990459823835","10.4672","0.0947571","-2.65343","0","0","0","0.162244","-0.832256","0.530119","-0.158505","-0.552242","-0.818477","0.973937","0.0487664","-0.221514"
"10","159990476547468","10.2373","0.401291","-2.51932","0","0","0","0.163458","-0.822698","0.544472","-0.158097","-0.566606","-0.80868","0.9738","0.0461054","-0.222682"
"10","159990493240583","9.64337","0.803604","-2.13615","0","0","0","0.168673","-0.802341","0.572537","-0.153881","-0.595172","-0.788727","0.973586","0.0449343","-0.223854"
"10","159990510116804","8.99199","1.39752","-1.42729","0","0","0","0.166441","-0.813666","0.556997","-0.156354","-0.579508","-0.799828","0.973576","0.0460357","-0.223674"
"10","159990526993024","8.85788","1.64658","-1.48477","0","0","0","0.157695","-0.851816","0.499541","-0.163155","-0.521393","-0.837574","0.973916","0.0505788","-0.221199"
"10","159990543686139","9.10693","1.62741","-1.31235","0","0","0","0.17187","-0.813678","0.555327","-0.146265","-0.578545","-0.802429","0.974201","0.0566885","-0.218447"
"10","159990560470807","9.35599","1.30173","-1.13992","0","0","0","0.177122","-0.804137","0.567442","-0.137199","-0.591103","-0.794842","0.974579","0.0629319","-0.215024"
"10","159990577194440","9.3943","0.995193","-1.04413","0","0","0","0.173926","-0.823225","0.540416","-0.136884","-0.563663","-0.814584","0.975199","0.0677024","-0.210722"
"10","159990594040143","9.45178","0.74614","-0.833389","0","0","0","0.170809","-0.833972","0.524704","-0.134853","-0.547306","-0.825997","0.976032","0.0703299","-0.205948"
"10","159990610855329","9.72","0.535385","-0.737595","0","0","0","0.174718","-0.806375","0.565007","-0.121338","-0.587092","-0.800375","0.977113","0.0712828","-0.20042"
"10","159990627578962","9.8158","0.669495","-1.21655","0","0","0","0.161713","-0.846129","0.507853","-0.127755","-0.528247","-0.839425","0.978533","0.0708653","-0.193522"
"10","159990644363630","10.0074","1.28256","-1.12076","0","0","0","0.164834","-0.819408","0.549","-0.116238","-0.568873","-0.814169","0.979448","0.0703878","-0.189016"
"10","159990661117780","10.199","1.39752","-1.1974","0","0","0","0.163843","-0.820255","0.54803","-0.112271","-0.567433","-0.81573","0.980077","0.0721239","-0.185061"
"10","159990677932966","10.3522","1.14845","-1.33151","0","0","0","0.172163","-0.775278","0.607704","-0.0943536","-0.627058","-0.773237","0.980539","0.0757839","-0.181106"
"10","159990694809186","10.199","0.669495","-1.33151","0","0","0","0.167579","-0.804909","0.569244","-0.0985126","-0.588191","-0.802699","0.980924","0.0784375","-0.177862"
"10","159990711502302","10.1415","0.382126","-1.15909","0","0","0","0.16963","-0.782615","0.598949","-0.0900749","-0.617525","-0.781377","0.981383","0.078595","-0.175245"
"10","159990728195417","10.1606","0.61203","-1.08244","0","0","0","0.166825","-0.776619","0.60748","-0.0869002","-0.625298","-0.775533","0.982149","0.0765882","-0.171804"
"10","159990745071638","10.2181","1.14845","-0.967499","0","0","0","0.162927","-0.781217","0.602623","-0.0863225","-0.619729","-0.780054","0.982855","0.0750718","-0.168407"
"10","159990761856305","10.4672","1.74237","-0.603485","0","0","0","0.167233","-0.731103","0.661454","-0.0700654","-0.678019","-0.731698","0.983425","0.0760187","-0.164612"
"10","159990778640973","10.6779","2.10637","-0.450226","0","0","0","0.168876","-0.70305","0.690798","-0.0564479","-0.706612","-0.705346","0.984019","0.0801221","-0.159016"
"10","159990795425641","10.5246","2.25964","-0.258636","0","0","0","0.16929","-0.692005","0.701762","-0.0448304","-0.716709","-0.69593","0.984546","0.0863538","-0.152355"
"10","159990812149274","10.2948","2.45122","-1.44646","0","0","0","0.166505","-0.732342","0.660266","-0.0442444","-0.674488","-0.736959","0.985047","0.0934943","-0.144708"
"10","159990828994977","11.3676","2.91103","-3.07491","0","0","0","0.172305","-0.674914","0.717497","-0.0231141","-0.730961","-0.682028","0.984772","0.100932","-0.141548"
"10","159990845810163","13.2068","3.02597","-4.85663","0","0","0","0.180317","-0.716874","0.673482","-0.0310667","-0.688514","-0.724557","0.983118","0.109727","-0.146422"
"10","159990862594831","13.954","2.85355","-4.91411","0","0","0","0.193416","-0.742558","0.641247","-0.0422206","-0.659282","-0.750709","0.980208","0.118125","-0.158867"
"10","159990879318464","12.6321","2.20216","-3.47723","0","0","0","0.200912","-0.808944","0.552489","-0.0714742","-0.574591","-0.815314","0.976998","0.124317","-0.173261"
"10","159990896072614","11.1377","1.24425","-2.73006","0","0","0","0.213472","-0.765861","0.606537","-0.0611139","-0.630101","-0.774105","0.975036","0.128182","-0.181314"
"10","159990912948835","9.68169","0.63118","-2.44269","0","0","0","0.214626","-0.779974","0.587858","-0.0688899","-0.612474","-0.787483","0.974264","0.128517","-0.185185"
"10","159990929764020","7.55511","0.918564","-3.64966","0","0","0","0.214519","-0.777132","0.591648","-0.0717515","-0.616652","-0.783959","0.974081","0.125722","-0.188044"
"10","159990946487653","7.7467","1.39752","-4.03282","0","0","0","0.21689","-0.778996","0.588323","-0.0788772","-0.614683","-0.78482","0.973004","0.123814","-0.194763"
"10","159990963211286","8.49387","1.78069","-3.97536","0","0","0","0.22117","-0.803759","0.552318","-0.0975525","-0.581736","-0.807506","0.970344","0.124716","-0.207071"
"10","159990980056989","9.31767","1.34004","-4.30104","0","0","0","0.235577","-0.768302","0.59516","-0.0918521","-0.627256","-0.773378","0.967505","0.127524","-0.218337"
"10","159990996872175","9.75832","0.113907","-4.49263","0","0","0","0.241511","-0.78092","0.576053","-0.104707","-0.61113","-0.784574","0.964732","0.129167","-0.229363"
"10","159991013595807","9.70084","-0.748215","-4.28189","0","0","0","0.22841","-0.852221","0.47069","-0.145925","-0.507977","-0.84892","0.962567","0.125216","-0.240387"
"10","159991030410993","9.29852","-0.958954","-3.8604","0","0","0","0.234611","-0.82099","0.520513","-0.145354","-0.559066","-0.816283","0.961161","0.115851","-0.250497"
"10","159991047134626","8.93451","-0.671585","-3.53471","0","0","0","0.224067","-0.841718","0.491228","-0.166094","-0.529651","-0.831795","0.960316","0.104788","-0.258481"
"10","159991063980329","8.93451","-0.211777","-3.30481","0","0","0","0.220077","-0.840204","0.495603","-0.175233","-0.533846","-0.827225","0.959614","0.0952068","-0.264719"
"10","159991080826032","9.1261","0.650345","-3.30481","0","0","0","0.208958","-0.862158","0.46154","-0.191509","-0.498897","-0.845237","0.958989","0.0882301","-0.26936"
"10","159991097519147","9.41347","0.976028","-3.32397","0","0","0","0.224549","-0.817501","0.530348","-0.177809","-0.569483","-0.802541","0.958103","0.0859093","-0.273237"
"10","159991114303815","9.52841","1.1293","-3.30481","0","0","0","0.214807","-0.851404","0.478508","-0.194357","-0.51741","-0.833374","0.957122","0.0860133","-0.276619"
"10","159991131088483","9.56674","1.16762","-3.22818","0","0","0","0.217068","-0.851548","0.477229","-0.196528","-0.516999","-0.83312","0.956168","0.0870549","-0.279577"
"10","159991147873151","9.52841","0.899399","-2.9408","0","0","0","0.212604","-0.868533","0.447717","-0.205271","-0.487666","-0.848555","0.955334","0.0885032","-0.281965"
"10","159991164962995","9.10693","0.516235","-3.09407","0","0","0","0.213313","-0.869757","0.444994","-0.20668","-0.485342","-0.849545","0.954872","0.0892479","-0.283291"
"10","159991181656110","8.99199","0.0947571","-2.90248","0","0","0","0.214773","-0.865306","0.4529","-0.206263","-0.493448","-0.844964","0.954635","0.0880587","-0.28446"
"10","159991197647321","9.0303","-0.250092","-2.78754","0","0","0","0.210385","-0.861779","0.461601","-0.210134","-0.500995","-0.839552","0.954768","0.0796309","-0.286491"
"10","159991214920270","9.04945","-0.384201","-2.69174","0","0","0","0.202255","-0.869103","0.45139","-0.215699","-0.48913","-0.845119","0.955284","0.0735645","-0.286394"
"10","159991231155622","8.78125","-0.115982","-2.40437","0","0","0","0.193239","-0.879532","0.434836","-0.221285","-0.470839","-0.854016","0.955872","0.068806","-0.285612"
"10","159991247940290","8.87703","-0.0010376","-2.28943","0","0","0","0.187169","-0.88489","0.42654","-0.223861","-0.461211","-0.858586","0.95648","0.0652152","-0.284417"
"10","159991264724958","9.3943","-0.288422","-2.2511","0","0","0","0.181599","-0.886404","0.425806","-0.224255","-0.458925","-0.859708","0.957461","0.0606326","-0.282121"
"10","159991281540143","9.06862","-0.135147","-2.21278","0","0","0","0.189694","-0.858713","0.476055","-0.213501","-0.509332","-0.833665","0.958349","0.0565029","-0.279953"
"10","159991298263776","8.81956","-0.0968323","-2.13615","0","0","0","0.168422","-0.896006","0.410861","-0.227212","-0.44088","-0.868332","0.959171","0.052894","-0.277837"
"10","159991315078962","8.87703","0.075592","-2.00204","0","0","0","0.171716","-0.882645","0.43755","-0.220843","-0.467333","-0.856054","0.960074","0.0503684","-0.275174"
"10","159991332412946","8.85788","0.133072","-2.21278","0","0","0","0.171348","-0.87767","0.447589","-0.217888","-0.476817","-0.851569","0.960815","0.0483903","-0.272936"
"10","159991349197614","8.76208","0.305496","-2.21278","0","0","0","0.183478","-0.844873","0.502519","-0.20571","-0.532878","-0.820807","0.961259","0.0472267","-0.271571"
"10","159991365432966","9.24104","-0.0010376","-1.90625","0","0","0","0.178476","-0.851025","0.493865","-0.206078","-0.523122","-0.826967","0.962122","0.0458185","-0.268742"
"10","159991382217634","9.8158","-0.345886","-1.6572","0","0","0","0.180333","-0.831052","0.526149","-0.197421","-0.554615","-0.808349","0.96359","0.0418991","-0.264082"
"10","159991399002302","10.0265","-0.326736","-1.5614","0","0","0","0.159898","-0.866862","0.472211","-0.205949","-0.497134","-0.842878","0.965411","0.0375229","-0.25802"
"10","159991415786970","10.1223","-0.230942","-1.96373","0","0","0","0.157716","-0.859215","0.486698","-0.20139","-0.510495","-0.835965","0.96673","0.0338288","-0.25355"
"10","159991432571638","10.0074","-0.154312","-2.09784","0","0","0","0.157922","-0.848747","0.504667","-0.197472","-0.527901","-0.82603","0.967505","0.0307909","-0.250971"
"10","159991449386823","9.91159","0.0372772","-1.48477","0","0","0","0.151488","-0.855368","0.495376","-0.196325","-0.517212","-0.833035","0.968766","0.0289401","-0.246281"
"10","159991466140973","10.1415","-0.0202026","-1.23572","0","0","0","0.12219","-0.912296","0.390878","-0.207923","-0.408619","-0.888706","0.970483","0.0273183","-0.239617"
"10","159991482925641","10.563","-0.154312","-1.38898","0","0","0","0.138981","-0.862167","0.487188","-0.188643","-0.506003","-0.84165","0.972161","0.0250689","-0.232967"
"10","159991499710309","10.9461","0.0947571","-1.6572","0","0","0","0.148422","-0.821524","0.550517","-0.17392","-0.56969","-0.803246","0.973511","0.0234732","-0.227434"
"10","159991516556013","10.5055","0.592865","-1.5614","0","0","0","0.148422","-0.821524","0.550517","-0.17392","-0.56969","-0.803246","0.973511","0.0234732","-0.227434"
"10","159991533310163","10.0265","0.248016","-1.59972","0","0","0","0.143081","-0.830407","0.538473","-0.168128","-0.556556","-0.81362","0.975326","0.0258817","-0.219247"
"10","159991550033796","10.1415","-0.326736","-1.48477","0","0","0","0.119276","-0.888652","0.442799","-0.181116","-0.457974","-0.87032","0.976202","0.0236102","-0.215575"
"10","159991566848981","10.4672","-0.403366","-1.48477","0","0","0","0.135203","-0.826302","0.546759","-0.164049","-0.562878","-0.810096","0.977143","0.0198323","-0.211656"
"10","159991583633649","11.0036","-0.0202026","-1.13992","0","0","0","0.131628","-0.822849","0.552806","-0.160067","-0.567982","-0.807326","0.978291","0.0177806","-0.206473"
"10","159991600418317","11.291","0.228867","-0.469391","0","0","0","0.109309","-0.878832","0.464441","-0.165131","-0.476804","-0.86336","0.980196","0.0176793","-0.197242"
"10","159991617233503","11.1186","-0.460846","-1.5614","0","0","0","0.104727","-0.878629","0.465878","-0.160726","-0.477249","-0.863945","0.981427","0.0155993","-0.191199"
"10","159991633987653","11.2718","-1.45708","-3.1707","0","0","0","0.106118","-0.859327","0.500297","-0.162153","-0.511358","-0.843931","0.981043","0.00843207","-0.193606"
"10","159991650772321","12.5746","-2.2234","-5.66129","0","0","0","0.105549","-0.850104","0.515928","-0.175433","-0.526607","-0.83181","0.978817","-0.00271385","-0.20472"
"10","159991667556989","12.2872","-1.78276","-6.6192","0","0","0","0.0941428","-0.882779","0.46026","-0.203714","-0.469613","-0.859049","0.974493","-0.0128882","-0.224045"
"10","159991684341657","10.8887","-1.18886","-5.62297","0","0","0","0.0898446","-0.896766","0.433289","-0.224579","-0.442085","-0.868404","0.970305","-0.0192864","-0.241114"
"10","159991701156843","9.68169","-0.460846","-4.32021","0","0","0","0.0898446","-0.896766","0.433289","-0.224579","-0.442085","-0.868404","0.970305","-0.0192864","-0.241114"
"10","159991717910993","8.12987","0.68866","-3.91788","0","0","0","0.0991051","-0.895329","0.43424","-0.241621","-0.44498","-0.862329","0.965297","-0.0194602","-0.26043"
"10","159991734695661","7.1911","1.45499","-4.12862","0","0","0","0.0813203","-0.940074","0.33113","-0.258546","-0.340754","-0.903903","0.96257","-0.0121065","-0.270762"
"10","159991751480329","7.47849","1.47415","-3.47723","0","0","0","0.0926664","-0.939343","0.330224","-0.263394","-0.342963","-0.901665","0.960227","-0.00342509","-0.279198"
"10","159991768264997","8.76208","0.956879","-3.11322","0","0","0","0.0887957","-0.952543","0.291167","-0.268649","-0.304391","-0.913878","0.959137","0.00292683","-0.282928"
"10","159991785049665","10.1606","0.458755","-3.4964","0","0","0","0.0920043","-0.952921","0.288925","-0.26977","-0.303157","-0.913958","0.958519","0.006145","-0.284961"
"10","159991801834333","10.9461","0.171387","-4.60757","0","0","0","0.0875832","-0.960101","0.265586","-0.277123","-0.27957","-0.919263","0.956834","0.00691201","-0.290551"
"10","159991818619001","10.1798","0.0372772","-4.51178","0","0","0","0.087445","-0.962223","0.257838","-0.284571","-0.272172","-0.919207","0.954658","0.00700698","-0.297621"
"10","159991835403669","9.41347","-0.326736","-3.95619","0","0","0","0.0871445","-0.962778","0.25586","-0.290925","-0.270236","-0.917788","0.952769","0.00554413","-0.303646"
"10","159991852188337","8.53218","-0.345886","-3.34312","0","0","0","0.0782047","-0.969443","0.232516","-0.29703","-0.245296","-0.922823","0.95166","0.00310491","-0.307137"
"10","159991869003522","8.1107","0.0372772","-2.59595","0","0","0","0.0825893","-0.965471","0.247071","-0.297074","-0.260498","-0.918634","0.951276","0.0024709","-0.308331"
"10","159991885757673","7.95744","0.439606","-2.15532","0","0","0","0.105044","-0.943988","0.312814","-0.288523","-0.329953","-0.898824","0.951693","0.00416191","-0.307022"
"10","159991902542341","8.34061","0.248016","-2.34689","0","0","0","0.0938219","-0.957094","0.274167","-0.290381","-0.289715","-0.912","0.9523","0.00595257","-0.305104"
"10","159991919327009","9.0303","-0.556625","-2.65343","0","0","0","0.0963681","-0.95222","0.289812","-0.287855","-0.305387","-0.907677","0.952813","0.00404722","-0.303531"
"10","159991936111677","9.43263","-0.920639","-2.69174","0","0","0","0.0931257","-0.950581","0.296183","-0.28774","-0.310477","-0.905986","0.95317","-0.000853011","-0.302433"
"10","159991952926862","9.26021","-0.59494","-2.50017","0","0","0","0.0952969","-0.943455","0.317508","-0.285067","-0.331466","-0.899371","0.953759","-0.00480364","-0.300535"
"10","159991969681013","8.97282","0.0372772","-2.11699","0","0","0","0.120565","-0.906867","0.403803","-0.272166","-0.421381","-0.86508","0.954667","-0.00560313","-0.297622"
"10","159991986465680","8.97282","0.765289","-1.79131","0","0","0","0.11226","-0.920996","0.373048","-0.27111","-0.389566","-0.880192","0.95598","-0.00232661","-0.293424"
"10","159992003280866","8.72377","1.20593","-1.79131","0","0","0","0.112882","-0.92531","0.36202","-0.265742","-0.379191","-0.886338","0.957413","0.00384801","-0.288698"
"10","159992020035016","8.24481","1.34004","-1.96373","0","0","0","0.127151","-0.903346","0.409631","-0.259218","-0.428894","-0.865364","0.957413","0.00384801","-0.288698"
"10","159992037369001","8.12987","1.30173","-1.77214","0","0","0","0.122441","-0.926144","0.356742","-0.255064","-0.376738","-0.890512","0.95914","0.0180431","-0.282355"
"10","159992053604352","8.58966","1.11014","-1.46562","0","0","0","0.126462","-0.925351","0.357397","-0.248142","-0.378345","-0.891785","0.960434","0.0240917","-0.277465"
"10","159992070389020","9.22188","1.03351","-1.33151","0","0","0","0.126371","-0.928043","0.35038","-0.241065","-0.371354","-0.896652","0.962246","0.0288468","-0.270647"
"10","159992087173688","9.66252","0.516235","-1.50394","0","0","0","0.125534","-0.92907","0.347952","-0.234862","-0.368587","-0.899435","0.963888","0.0311889","-0.264474"
"10","159992103958356","9.77748","-0.173462","-1.23572","0","0","0","0.124724","-0.923966","0.361567","-0.227126","-0.381324","-0.896106","0.965846","0.0296448","-0.257417"
"10","159992121292341","9.85411","-0.479996","-0.910019","0","0","0","0.128107","-0.905114","0.405411","-0.215005","-0.424403","-0.879577","0.968174","0.0255149","-0.248973"
"10","159992138077009","9.72","-0.211777","-1.06329","0","0","0","0.119549","-0.909547","0.398036","-0.210143","-0.41501","-0.885216","0.970334","0.0221824","-0.240748"
"10","159992154312360","9.60506","0.267181","-1.35066","0","0","0","0.112418","-0.917904","0.380545","-0.207472","-0.396215","-0.89441","0.97176","0.0215953","-0.234981"
"10","159992171097028","9.64337","0.55455","-1.1974","0","0","0","0.12595","-0.886881","0.444498","-0.192977","-0.461411","-0.865945","0.973086","0.0232878","-0.229262"
"10","159992187881696","10.1606","0.516235","-1.17824","0","0","0","0.132738","-0.865218","0.483506","-0.180591","-0.500769","-0.846532","0.97456","0.0250504","-0.222721"
"10","159992204666364","11.1186","0.765289","-1.00581","0","0","0","0.106565","-0.924443","0.366128","-0.189028","-0.380345","-0.905321","0.976172","0.0272671","-0.215277"
"10","159992221451032","11.54","0.841919","-0.0670624","0","0","0","0.110408","-0.91271","0.393408","-0.174136","-0.40747","-0.896462","0.978512","0.03047","-0.203924"
"10","159992238235700","11.4826","0.0372772","-0.124527","0","0","0","0.119916","-0.872149","0.474316","-0.152854","-0.488287","-0.859192","0.980946","0.0305298","-0.191865"
"10","159992255020368","11.8274","-0.441681","-0.948334","0","0","0","0.132144","-0.791876","0.596213","-0.128676","-0.610102","-0.781804","0.982843","0.0265924","-0.182517"
"10","159992271805036","12.5363","0.171387","-3.18987","0","0","0","0.119551","-0.838726","0.531269","-0.140754","-0.54402","-0.827182","0.9828","0.0241123","-0.183093"
"10","159992288589704","13.3792","2.14468","-7.09814","0","0","0","0.141861","-0.808384","0.571306","-0.145341","-0.587897","-0.795772","0.979158","0.0298545","-0.200891"
"10","159992305374372","14.1264","3.92641","-8.03691","0","0","0","0.165825","-0.818991","0.549324","-0.160184","-0.572008","-0.804455","0.973059","0.0454061","-0.226043"
"10","159992322159040","12.2489","3.73483","-7.40468","0","0","0","0.153321","-0.916939","0.368396","-0.205087","-0.394213","-0.895844","0.96666","0.0617982","-0.248493"
"10","159992338943708","9.68169","3.3325","-5.79539","0","0","0","0.153321","-0.916939","0.368396","-0.205087","-0.394213","-0.895844","0.96666","0.0617982","-0.248493"
